# t=0s alpha = 45 v = 0.000000
0.010000 -63.834999 36.232162 23.334524 32.901932 40.336548
0.020000 -63.669998 36.461956 23.334524 32.803867 40.256599
0.030000 -63.505001 36.689381 23.334524 32.705799 40.176727
0.040000 -63.340000 36.914440 23.334524 32.607735 40.096939
0.050000 -63.174999 37.137131 23.334524 32.509666 40.017227
0.060000 -63.009998 37.357456 23.334524 32.411602 39.937599
0.070000 -62.845001 37.575413 23.334524 32.313534 39.858055
0.080000 -62.680000 37.791000 23.334524 32.215469 39.778591
0.090000 -62.514999 38.004223 23.334524 32.117401 39.699211
0.100000 -62.349998 38.215076 23.334524 32.019337 39.619919
0.110000 -62.185001 38.423561 23.334524 31.921268 39.540707
0.120000 -62.020000 38.629681 23.334524 31.823202 39.461578
0.130000 -61.855000 38.833431 23.334524 31.725136 39.382538
0.140000 -61.689999 39.034813 23.334524 31.627069 39.303581
0.150000 -61.525002 39.233829 23.334524 31.529003 39.224712
0.160000 -61.360001 39.430481 23.334524 31.430937 39.145931
0.170000 -61.195000 39.624760 23.334524 31.332869 39.067234
0.180000 -61.029999 39.816673 23.334524 31.234802 38.988625
0.190000 -60.865002 40.006218 23.334524 31.136736 38.910107
0.200000 -60.700001 40.193398 23.334524 31.038670 38.831673
0.210000 -60.535000 40.378208 23.334524 30.940603 38.753334
0.220000 -60.369999 40.560654 23.334524 30.842537 38.675083
0.230000 -60.204998 40.740726 23.334524 30.744471 38.596924
0.240000 -60.040001 40.918438 23.334524 30.646404 38.518856
0.250000 -59.875000 41.093777 23.334524 30.548338 38.440876
0.260000 -59.709999 41.266750 23.334524 30.450272 38.362991
0.270000 -59.544998 41.437355 23.334524 30.352203 38.285194
0.280000 -59.380001 41.605595 23.334524 30.254139 38.207500
0.290000 -59.215000 41.771461 23.334524 30.156071 38.129890
0.300000 -59.049999 41.934967 23.334524 30.058004 38.052380
0.310000 -58.885002 42.096100 23.334524 29.959938 37.974964
0.320000 -58.720001 42.254868 23.334524 29.861872 37.897644
0.330000 -58.555000 42.411270 23.334524 29.763805 37.820419
0.340000 -58.389999 42.565304 23.334524 29.665739 37.743294
0.350000 -58.225002 42.716969 23.334524 29.567673 37.666264
0.360000 -58.060001 42.866264 23.334524 29.469606 37.589329
0.370000 -57.895000 43.013195 23.334524 29.371540 37.512497
0.380000 -57.730003 43.157757 23.334524 29.273474 37.435760
0.390000 -57.565002 43.299953 23.334524 29.175407 37.359127
0.400000 -57.400002 43.439781 23.334524 29.077341 37.282593
0.410000 -57.235001 43.577240 23.334524 28.979275 37.206161
0.420000 -57.070004 43.712334 23.334524 28.881208 37.129829
0.430000 -56.905003 43.845058 23.334524 28.783142 37.053600
0.440000 -56.740002 43.975414 23.334524 28.685076 36.977474
0.450000 -56.575005 44.103405 23.334524 28.587009 36.901451
0.460000 -56.410004 44.229027 23.334524 28.488943 36.825531
0.470000 -56.245003 44.352283 23.334524 28.390877 36.749718
0.480000 -56.080002 44.473171 23.334524 28.292810 36.674011
0.490000 -55.915005 44.591690 23.334524 28.194744 36.598412
0.500000 -55.750004 44.707840 23.334524 28.096676 36.522915
0.510000 -55.585003 44.821629 23.334524 27.998611 36.447529
0.520000 -55.420002 44.933044 23.334524 27.900543 36.372246
0.530000 -55.255005 45.042091 23.334524 27.802477 36.297077
0.540000 -55.090004 45.148773 23.334524 27.704411 36.222015
0.550000 -54.925003 45.253090 23.334524 27.606344 36.147064
0.560000 -54.760002 45.355038 23.334524 27.508278 36.072224
0.570000 -54.595005 45.454617 23.334524 27.410212 35.997498
0.580000 -54.430004 45.551826 23.334524 27.312145 35.922878
0.590000 -54.265003 45.646671 23.334524 27.214079 35.848377
0.600000 -54.100006 45.739151 23.334524 27.116013 35.773987
0.610000 -53.935005 45.829258 23.334524 27.017946 35.699711
0.620000 -53.770004 45.917000 23.334524 26.919880 35.625553
0.630000 -53.605003 46.002377 23.334524 26.821814 35.551506
0.640000 -53.440006 46.085381 23.334524 26.723747 35.477581
0.650000 -53.275005 46.166019 23.334524 26.625681 35.403770
0.660000 -53.110004 46.244293 23.334524 26.527615 35.330078
0.670000 -52.945007 46.320198 23.334524 26.429548 35.256504
0.680000 -52.780006 46.393734 23.334524 26.331482 35.183048
0.690000 -52.615005 46.464905 23.334524 26.233416 35.109715
0.700000 -52.450005 46.533703 23.334524 26.135349 35.036499
0.710000 -52.285007 46.600136 23.334524 26.037281 34.963409
0.720000 -52.120007 46.664204 23.334524 25.939217 34.890442
0.730000 -51.955006 46.725903 23.334524 25.841148 34.817596
0.740000 -51.790009 46.785236 23.334524 25.743084 34.744873
0.750000 -51.625008 46.842197 23.334524 25.645016 34.672276
0.760000 -51.460007 46.896797 23.334524 25.546949 34.599808
0.770000 -51.295006 46.949024 23.334524 25.448883 34.527462
0.780000 -51.130009 46.998886 23.334524 25.350817 34.455242
0.790000 -50.965008 47.046379 23.334524 25.252750 34.383156
0.800000 -50.800007 47.091507 23.334524 25.154684 34.311195
0.810000 -50.635010 47.134266 23.334524 25.056618 34.239365
0.820000 -50.470009 47.174656 23.334524 24.958551 34.167664
0.830000 -50.305008 47.212681 23.334524 24.860485 34.096096
0.839999 -50.140007 47.248337 23.334524 24.762419 34.024658
0.849999 -49.975010 47.281624 23.334524 24.664352 33.953354
0.859999 -49.810009 47.312546 23.334524 24.566286 33.882183
0.869999 -49.645008 47.341099 23.334524 24.468220 33.811150
0.879999 -49.480007 47.367287 23.334524 24.370153 33.740246
0.889999 -49.315010 47.391106 23.334524 24.272087 33.669487
0.899999 -49.150009 47.412556 23.334524 24.174021 33.598858
0.909999 -48.985008 47.431641 23.334524 24.075954 33.528370
0.919999 -48.820011 47.448353 23.334524 23.977886 33.458019
0.929999 -48.655010 47.462704 23.334524 23.879822 33.387810
0.939999 -48.490009 47.474682 23.334524 23.781754 33.317741
0.949999 -48.325008 47.484299 23.334524 23.683689 33.247814
0.959999 -48.160011 47.491543 23.334524 23.585621 33.178028
0.969999 -47.995010 47.496422 23.334524 23.487556 33.108387
0.979999 -47.830009 47.498932 23.334524 23.389488 33.038887
0.989999 -47.665012 47.499077 23.334524 23.291424 32.969540
0.999999 -47.500011 47.496849 23.334524 23.193356 32.900330
1.009999 -47.335011 47.492260 23.334524 23.095289 32.831272
1.019999 -47.170010 47.485298 23.334524 22.997223 32.762360
1.029999 -47.005009 47.475971 23.334524 22.899157 32.693600
1.039999 -46.840012 47.464279 23.334524 22.801090 32.624985
1.049999 -46.675011 47.450214 23.334524 22.703024 32.556522
1.059999 -46.510010 47.433788 23.334524 22.604958 32.488216
1.069999 -46.345013 47.414989 23.334524 22.506891 32.420059
1.079999 -46.180012 47.393826 23.334524 22.408825 32.352055
1.089999 -46.015011 47.370293 23.334524 22.310757 32.284206
1.099999 -45.850010 47.344395 23.334524 22.212692 32.216511
1.109999 -45.685013 47.316124 23.334524 22.114624 32.148975
1.119999 -45.520012 47.285492 23.334524 22.016560 32.081596
1.129999 -45.355011 47.252487 23.334524 21.918491 32.014378
1.139999 -45.190014 47.217121 23.334524 21.820427 31.947317
1.149999 -45.025013 47.179382 23.334524 21.722359 31.880415
1.159999 -44.860012 47.139278 23.334524 21.624294 31.813679
1.169999 -44.695011 47.096806 23.334524 21.526226 31.747101
1.179999 -44.530014 47.051968 23.334524 21.428162 31.680691
1.189999 -44.365013 47.004757 23.334524 21.330093 31.614441
1.199999 -44.200012 46.955181 23.334524 21.232027 31.548359
1.209999 -44.035015 46.903240 23.334524 21.133961 31.482445
1.219999 -43.870014 46.848930 23.334524 21.035894 31.416697
1.229999 -43.705013 46.792252 23.334524 20.937828 31.351118
1.239999 -43.540012 46.733208 23.334524 20.839762 31.285709
1.249999 -43.375015 46.671795 23.334524 20.741695 31.220472
1.259999 -43.210014 46.608013 23.334524 20.643629 31.155407
1.269999 -43.045013 46.541866 23.334524 20.545563 31.090515
1.279999 -42.880013 46.473351 23.334524 20.447496 31.025797
1.289999 -42.715015 46.402470 23.334524 20.349430 30.961254
1.299999 -42.550014 46.329220 23.334524 20.251364 30.896889
1.309999 -42.385014 46.253601 23.334524 20.153297 30.832701
1.319999 -42.220016 46.175617 23.334524 20.055231 30.768690
1.329999 -42.055016 46.095264 23.334524 19.957165 30.704861
1.339999 -41.890015 46.012543 23.334524 19.859097 30.641211
1.349999 -41.725014 45.927456 23.334524 19.761032 30.577744
1.359999 -41.560017 45.840000 23.334524 19.662964 30.514458
1.369999 -41.395016 45.750175 23.334524 19.564899 30.451359
1.379999 -41.230015 45.657986 23.334524 19.466831 30.388443
1.389999 -41.065018 45.563427 23.334524 19.368767 30.325718
1.399999 -40.900017 45.466499 23.334524 19.270699 30.263176
1.409999 -40.735016 45.367210 23.334524 19.172634 30.200827
1.419999 -40.570015 45.265549 23.334524 19.074566 30.138664
1.429999 -40.405018 45.161522 23.334524 18.976501 30.076694
1.439999 -40.240017 45.055122 23.334524 18.878433 30.014917
1.449999 -40.075016 44.946362 23.334524 18.780367 29.953333
1.459999 -39.910019 44.835232 23.334524 18.682301 29.891945
1.469999 -39.745018 44.721733 23.334524 18.584234 29.830751
1.479999 -39.580017 44.605865 23.334524 18.486168 29.769756
1.489999 -39.415016 44.487633 23.334524 18.388102 29.708960
1.499999 -39.250019 44.367031 23.334524 18.290035 29.648363
1.509999 -39.085018 44.244064 23.334524 18.191969 29.587967
1.519999 -38.920017 44.118729 23.334524 18.093903 29.527771
1.529999 -38.755020 43.991024 23.334524 17.995836 29.467781
1.539999 -38.590019 43.860954 23.334524 17.897770 29.407995
1.549999 -38.425018 43.728516 23.334524 17.799704 29.348415
1.559999 -38.260017 43.593712 23.334524 17.701637 29.289042
1.569999 -38.095020 43.456535 23.334524 17.603569 29.229876
1.579999 -37.930019 43.316998 23.334524 17.505505 29.170921
1.589999 -37.765018 43.175087 23.334524 17.407436 29.112177
1.599999 -37.600018 43.030811 23.334524 17.309372 29.053646
1.609999 -37.435020 42.884167 23.334524 17.211304 28.995327
1.619999 -37.270020 42.735157 23.334524 17.113239 28.937223
1.629999 -37.105019 42.583775 23.334524 17.015171 28.879335
1.639999 -36.940022 42.430031 23.334524 16.917105 28.821667
1.649999 -36.775021 42.273914 23.334524 16.819038 28.764215
1.659999 -36.610020 42.115437 23.334524 16.720972 28.706984
1.669999 -36.445019 41.954586 23.334524 16.622906 28.649973
1.679999 -36.280022 41.791370 23.334524 16.524839 28.593187
1.689999 -36.115021 41.625786 23.334524 16.426773 28.536623
1.699999 -35.950020 41.457832 23.334524 16.328707 28.480286
1.709999 -35.785023 41.287514 23.334524 16.230640 28.424175
1.719999 -35.620022 41.114830 23.334524 16.132574 28.368292
1.729999 -35.455021 40.939774 23.334524 16.034508 28.312637
1.739999 -35.290020 40.762352 23.334524 15.936441 28.257214
1.749999 -35.125023 40.582565 23.334524 15.838375 28.202023
1.759999 -34.960022 40.400406 23.334524 15.740309 28.147066
1.769999 -34.795021 40.215885 23.334524 15.642242 28.092342
1.779999 -34.630024 40.028992 23.334524 15.544176 28.037857
1.789999 -34.465023 39.839733 23.334524 15.446110 27.983606
1.799999 -34.300022 39.648106 23.334524 15.348043 27.929598
1.809999 -34.135021 39.454113 23.334524 15.249977 27.875828
1.819999 -33.970024 39.257748 23.334524 15.151911 27.822300
1.829999 -33.805023 39.059021 23.334524 15.053844 27.769016
1.839999 -33.640022 38.857925 23.334524 14.955778 27.715975
1.849999 -33.475025 38.654461 23.334524 14.857712 27.663181
1.859999 -33.310024 38.448627 23.334524 14.759645 27.610636
1.869999 -33.145023 38.240429 23.334524 14.661579 27.558336
1.879999 -32.980022 38.029858 23.334524 14.563511 27.506287
1.889999 -32.815025 37.816925 23.334524 14.465445 27.454491
1.899999 -32.650024 37.601624 23.334524 14.367378 27.402948
1.909999 -32.485023 37.383953 23.334524 14.269312 27.351660
1.919999 -32.320026 37.163918 23.334524 14.171246 27.300627
1.929999 -32.155025 36.941513 23.334524 14.073179 27.249851
1.939999 -31.990025 36.716740 23.334524 13.975113 27.199333
1.949998 -31.825026 36.489601 23.334524 13.877047 27.149076
1.959998 -31.660025 36.260094 23.334524 13.778980 27.099083
1.969998 -31.495026 36.028217 23.334524 13.680914 27.049351
1.979998 -31.330025 35.793976 23.334524 13.582848 26.999886
1.989998 -31.165026 35.557365 23.334524 13.484781 26.950684
1.999998 -31.000027 35.318390 23.334524 13.386715 26.901749
2.009999 -30.835024 35.077042 23.334524 13.288647 26.853085
2.019999 -30.670025 34.833328 23.334524 13.190580 26.804689
2.029999 -30.505024 34.587250 23.334524 13.092514 26.756569
2.039999 -30.340025 34.338802 23.334524 12.994448 26.708719
2.049999 -30.175024 34.087986 23.334524 12.896381 26.661144
2.059999 -30.010025 33.834805 23.334524 12.798315 26.613848
2.069999 -29.845024 33.579250 23.334524 12.700249 26.566828
2.079998 -29.680025 33.321335 23.334524 12.602182 26.520086
2.089998 -29.515026 33.061050 23.334524 12.504116 26.473627
2.099998 -29.350025 32.798397 23.334524 12.406050 26.427448
2.109998 -29.185026 32.533379 23.334524 12.307983 26.381556
2.119998 -29.020025 32.265991 23.334524 12.209917 26.335947
2.129998 -28.855026 31.996237 23.334524 12.111851 26.290625
2.139998 -28.690025 31.724113 23.334524 12.013784 26.245590
2.149998 -28.525026 31.449623 23.334524 11.915718 26.200848
2.159998 -28.360025 31.172764 23.334524 11.817652 26.156393
2.169998 -28.195026 30.893538 23.334524 11.719585 26.112232
2.179998 -28.030027 30.611946 23.334524 11.621519 26.068365
2.189998 -27.865026 30.327986 23.334524 11.523453 26.024796
2.199998 -27.700027 30.041658 23.334524 11.425386 25.981522
2.209998 -27.535027 29.752960 23.334524 11.327318 25.938545
2.219998 -27.370028 29.461897 23.334524 11.229252 25.895870
2.229998 -27.205027 29.168467 23.334524 11.131186 25.853497
2.239998 -27.040028 28.872671 23.334524 11.033119 25.811426
2.249998 -26.875029 28.574505 23.334524 10.935053 25.769661
2.259998 -26.710028 28.273970 23.334524 10.836987 25.728201
2.269998 -26.545029 27.971071 23.334524 10.738920 25.687048
2.279998 -26.380028 27.665800 23.334524 10.640854 25.646204
2.289998 -26.215029 27.358168 23.334524 10.542788 25.605671
2.299998 -26.050028 27.048161 23.334524 10.444721 25.565451
2.309998 -25.885029 26.735792 23.334524 10.346655 25.525541
2.319998 -25.720028 26.421055 23.334524 10.248589 25.485949
2.329998 -25.555029 26.103949 23.334524 10.150522 25.446671
2.339998 -25.390030 25.784475 23.334524 10.052456 25.407713
2.349998 -25.225029 25.462633 23.334524 9.954390 25.369072
2.359998 -25.060030 25.138428 23.334524 9.856323 25.330753
2.369998 -24.895029 24.811850 23.334524 9.758257 25.292757
2.379998 -24.730030 24.482906 23.334524 9.660191 25.255085
2.389998 -24.565029 24.151594 23.334524 9.562124 25.217735
2.399998 -24.400030 23.817919 23.334524 9.464058 25.180714
2.409998 -24.235031 23.481873 23.334524 9.365992 25.144022
2.419998 -24.070030 23.143459 23.334524 9.267925 25.107656
2.429998 -23.905031 22.802677 23.334524 9.169859 25.071623
2.439998 -23.740030 22.459528 23.334524 9.071793 25.035923
2.449998 -23.575031 22.114012 23.334524 8.973726 25.000555
2.459998 -23.410030 21.766123 23.334524 8.875658 24.965523
2.469998 -23.245031 21.415874 23.334524 8.777592 24.930828
2.479998 -23.080030 21.063255 23.334524 8.679525 24.896469
2.489998 -22.915031 20.708271 23.334524 8.581459 24.862450
2.499998 -22.750032 20.350916 23.334524 8.483393 24.828773
2.509998 -22.585032 19.991194 23.334524 8.385326 24.795437
2.519998 -22.420033 19.629105 23.334524 8.287260 24.762445
2.529998 -22.255032 19.264647 23.334524 8.189194 24.729797
2.539998 -22.090033 18.897825 23.334524 8.091127 24.697496
2.549998 -21.925032 18.528633 23.334524 7.993061 24.665543
2.559998 -21.760033 18.157076 23.334524 7.894995 24.633938
2.569998 -21.595034 17.783148 23.334524 7.796928 24.602686
2.579998 -21.430033 17.406855 23.334524 7.698862 24.571781
2.589998 -21.265034 17.028193 23.334524 7.600796 24.541233
2.599998 -21.100033 16.647163 23.334524 7.502729 24.511038
2.609998 -20.935034 16.263765 23.334524 7.404663 24.481197
2.619998 -20.770033 15.878002 23.334524 7.306597 24.451715
2.629998 -20.605034 15.489872 23.334524 7.208530 24.422590
2.639998 -20.440035 15.099374 23.334524 7.110464 24.393826
2.649998 -20.275034 14.706504 23.334524 7.012398 24.365419
2.659998 -20.110035 14.311272 23.334524 6.914331 24.337378
2.669998 -19.945034 13.913668 23.334524 6.816265 24.309700
2.679998 -19.780035 13.513700 23.334524 6.718199 24.282385
2.689998 -19.615034 13.111362 23.334524 6.620132 24.255436
2.699998 -19.450035 12.706657 23.334524 6.522064 24.228853
2.709998 -19.285034 12.299584 23.334524 6.423998 24.202639
2.719998 -19.120035 11.890144 23.334524 6.325932 24.176794
2.729998 -18.955036 11.478337 23.334524 6.227865 24.151321
2.739998 -18.790035 11.064163 23.334524 6.129799 24.126219
2.749998 -18.625036 10.647621 23.334524 6.031733 24.101488
2.759998 -18.460035 10.228712 23.334524 5.933666 24.077133
2.769998 -18.295036 9.807436 23.334524 5.835600 24.053154
2.779998 -18.130035 9.383789 23.334524 5.737534 24.029551
2.789998 -17.965036 8.957778 23.334524 5.639467 24.006325
2.799998 -17.800037 8.529397 23.334524 5.541401 23.983477
2.809998 -17.635036 8.098652 23.334524 5.443335 23.961008
2.819998 -17.470037 7.665535 23.334524 5.345268 23.938921
2.829998 -17.305037 7.230052 23.334524 5.247202 23.917213
2.839998 -17.140038 6.792205 23.334524 5.149136 23.895891
2.849998 -16.975037 6.351987 23.334524 5.051069 23.874952
2.859998 -16.810038 5.909398 23.334524 4.953003 23.854397
2.869998 -16.645037 5.464449 23.334524 4.854937 23.834229
2.879998 -16.480038 5.017130 23.334524 4.756870 23.814445
2.889998 -16.315039 4.567439 23.334524 4.658804 23.795052
2.899998 -16.150038 4.115389 23.334524 4.560738 23.776047
2.909998 -15.985038 3.660968 23.334524 4.462671 23.757429
2.919998 -15.820039 3.204175 23.334524 4.364605 23.739204
2.929998 -15.655039 2.745015 23.334524 4.266539 23.721369
2.939998 -15.490039 2.283492 23.334524 4.168472 23.703928
2.949998 -15.325039 1.819594 23.334524 4.070404 23.686878
2.959998 -15.160039 1.353333 23.334524 3.972338 23.670223
2.969998 -14.995039 0.884708 23.334524 3.874271 23.653963
2.979998 -14.830039 0.413708 23.334524 3.776205 23.638098
2.989998 -14.665039 -0.059647 23.334524 3.678139 23.622631
2.999998 -14.500040 -0.535382 23.334524 3.580072 23.607559
3.009998 -14.335040 -1.013479 23.334524 3.482006 23.592888
3.019998 -14.170040 -1.493944 23.334524 3.383940 23.578615
3.029998 -14.005040 -1.976776 23.334524 3.285873 23.564739
3.039998 -13.840040 -2.461979 23.334524 3.187807 23.551266
3.049998 -13.675040 -2.949546 23.334524 3.089741 23.538193
3.059998 -13.510040 -3.439484 23.334524 2.991674 23.525520
3.069998 -13.345040 -3.931785 23.334524 2.893608 23.513250
3.079998 -13.180041 -4.426453 23.334524 2.795542 23.501385
3.089998 -13.015041 -4.923489 23.334524 2.697475 23.489920
3.099998 -12.850041 -5.422895 23.334524 2.599409 23.478863
3.109998 -12.685041 -5.924673 23.334524 2.501343 23.468206
3.119998 -12.520041 -6.428811 23.334524 2.403276 23.457956
3.129997 -12.355042 -6.935323 23.334524 2.305210 23.448112
3.139997 -12.190042 -7.444194 23.334524 2.207144 23.438675
3.149997 -12.025042 -7.955441 23.334524 2.109077 23.429644
3.159997 -11.860043 -8.469051 23.334524 2.011011 23.421021
3.169997 -11.695043 -8.985024 23.334524 1.912945 23.412804
3.179997 -11.530043 -9.503373 23.334524 1.814878 23.404995
3.189997 -11.365043 -10.024089 23.334524 1.716810 23.397594
3.199997 -11.200043 -10.547173 23.334524 1.618744 23.390604
3.209997 -11.035043 -11.072622 23.334524 1.520678 23.384022
3.219997 -10.870043 -11.600436 23.334524 1.422611 23.377848
3.229997 -10.705043 -12.130620 23.334524 1.324545 23.372086
3.239997 -10.540044 -12.663173 23.334524 1.226479 23.366734
3.249997 -10.375044 -13.198088 23.334524 1.128412 23.361792
3.259997 -10.210044 -13.735374 23.334524 1.030346 23.357260
3.269997 -10.045044 -14.275023 23.334524 0.932281 23.353140
3.279997 -9.880044 -14.817048 23.334524 0.834213 23.349430
3.289997 -9.715044 -15.361432 23.334524 0.736149 23.346132
3.299997 -9.550044 -15.908192 23.334524 0.638081 23.343246
3.309997 -9.385044 -16.457323 23.334524 0.540012 23.340773
3.319997 -9.220045 -17.008808 23.334524 0.441948 23.338709
3.329997 -9.055045 -17.562674 23.334524 0.343880 23.337057
3.339997 -8.890045 -18.118893 23.334524 0.245815 23.335819
3.349997 -8.725045 -18.677494 23.334524 0.147747 23.334991
3.359997 -8.560045 -19.238447 23.334524 0.049683 23.334576
3.369997 -8.395045 -19.801783 23.334524 -0.048386 23.334574
3.379997 -8.230045 -20.367474 23.334524 -0.146450 23.334982
3.389997 -8.065045 -20.935543 23.334524 -0.244518 23.335806
3.399997 -7.900046 -21.505970 23.334524 -0.342583 23.337038
3.409997 -7.735046 -22.078773 23.334524 -0.440651 23.338684
3.419997 -7.570046 -22.653934 23.334524 -0.538715 23.340742
3.429997 -7.405046 -23.231478 23.334524 -0.636784 23.343212
3.439997 -7.240047 -23.811373 23.334524 -0.734848 23.346092
3.449997 -7.075047 -24.393642 23.334524 -0.832916 23.349384
3.459997 -6.910047 -24.978275 23.334524 -0.930981 23.353088
3.469997 -6.745047 -25.565283 23.334524 -1.029049 23.357204
3.479997 -6.580047 -26.154652 23.334524 -1.127113 23.361729
3.489997 -6.415047 -26.746397 23.334524 -1.225182 23.366667
3.499997 -6.250048 -27.340500 23.334524 -1.323246 23.372013
3.509997 -6.085048 -27.936975 23.334524 -1.421314 23.377769
3.519997 -5.920048 -28.535814 23.334524 -1.519379 23.383938
3.529997 -5.755048 -29.137028 23.334524 -1.617447 23.390514
3.539997 -5.590048 -29.740601 23.334524 -1.715511 23.397499
3.549997 -5.425048 -30.346548 23.334524 -1.813580 23.404894
3.559997 -5.260048 -30.954865 23.334524 -1.911648 23.412699
3.569997 -5.095048 -31.565538 23.334524 -2.009712 23.420908
3.579997 -4.930049 -32.178589 23.334524 -2.107780 23.429527
3.589997 -4.765049 -32.794003 23.334524 -2.205845 23.438553
3.599997 -4.600049 -33.411789 23.334524 -2.303913 23.447987
3.609997 -4.435049 -34.031937 23.334524 -2.401978 23.457823
3.619997 -4.270050 -34.654457 23.334524 -2.500046 23.468069
3.629997 -4.105050 -35.279339 23.334524 -2.598110 23.478718
3.639997 -3.940050 -35.906590 23.334524 -2.696178 23.489771
3.649997 -3.775050 -36.536205 23.334524 -2.794243 23.501230
3.659997 -3.610050 -37.168201 23.334524 -2.892311 23.513092
3.669997 -3.445050 -37.802551 23.334524 -2.990376 23.525354
3.679997 -3.280050 -38.439278 23.334524 -3.088444 23.538023
3.689997 -3.115051 -39.078362 23.334524 -3.186508 23.551090
3.699997 -2.950051 -39.719826 23.334524 -3.284576 23.564560
3.709997 -2.785051 -40.363644 23.334524 -3.382641 23.578428
