#value of v0: 19.000000 and of angle alpha0: 45.000000 and initial height: 0.000000 and of angle phi0: 0.000000
0.000000 0.000000 0.133860 0.134350
0.020000 13.435029 0.000000 13.238896 0.000000 0.000000 0.266739 0.268701
0.030000 13.435029 0.000000 13.140829 0.000000 0.000000 0.398638 0.403051
0.040000 13.435029 0.000000 13.042763 0.000000 0.000000 0.529556 0.537401
0.050000 13.435029 0.000000 12.944696 0.000000 0.000000 0.659493 0.671751
0.060000 13.435029 0.000000 12.846630 0.000000 0.000000 0.788450 0.806102
0.070000 13.435029 0.000000 12.748564 0.000000 0.000000 0.916426 0.940452
0.080000 13.435029 0.000000 12.650497 0.000000 0.000000 1.043421 1.074802
0.090000 13.435029 0.000000 12.552431 0.000000 0.000000 1.169436 1.209152
0.100000 13.435029 0.000000 12.454364 0.000000 0.000000 1.294469 1.343503
0.110000 13.435029 0.000000 12.356297 0.000000 0.000000 1.418523 1.477853
0.120000 13.435029 0.000000 12.258231 0.000000 0.000000 1.541595 1.612203
0.130000 13.435029 0.000000 12.160165 0.000000 0.000000 1.663687 1.746554
0.140000 13.435029 0.000000 12.062099 0.000000 0.000000 1.784799 1.880904
0.150000 13.435029 0.000000 11.964031 0.000000 0.000000 1.904929 2.015254
0.160000 13.435029 0.000000 11.865965 0.000000 0.000000 2.024080 2.149605
0.170000 13.435029 0.000000 11.767899 0.000000 0.000000 2.142249 2.283955
0.180000 13.435029 0.000000 11.669832 0.000000 0.000000 2.259438 2.418305
0.190000 13.435029 0.000000 11.571766 0.000000 0.000000 2.375646 2.552656
0.200000 13.435029 0.000000 11.473699 0.000000 0.000000 2.490873 2.687006
0.210000 13.435029 0.000000 11.375632 0.000000 0.000000 2.605120 2.821356
0.220000 13.435029 0.000000 11.277566 0.000000 0.000000 2.718386 2.955707
0.230000 13.435029 0.000000 11.179499 0.000000 0.000000 2.830671 3.090057
0.240000 13.435029 0.000000 11.081432 0.000000 0.000000 2.941976 3.224407
0.250000 13.435029 0.000000 10.983366 0.000000 0.000000 3.052300 3.358758
0.260000 13.435029 0.000000 10.885300 0.000000 0.000000 3.161643 3.493108
0.270000 13.435029 0.000000 10.787233 0.000000 0.000000 3.270006 3.627458
0.280000 13.435029 0.000000 10.689167 0.000000 0.000000 3.377388 3.761808
0.290000 13.435029 0.000000 10.591101 0.000000 0.000000 3.483788 3.896158
0.300000 13.435029 0.000000 10.493034 0.000000 0.000000 3.589209 4.030509
0.310000 13.435029 0.000000 10.394968 0.000000 0.000000 3.693649 4.164859
0.320000 13.435029 0.000000 10.296902 0.000000 0.000000 3.797108 4.299209
0.330000 13.435029 0.000000 10.198835 0.000000 0.000000 3.899587 4.433559
0.340000 13.435029 0.000000 10.100769 0.000000 0.000000 4.001085 4.567909
0.350000 13.435029 0.000000 10.002702 0.000000 0.000000 4.101602 4.702259
0.360000 13.435029 0.000000 9.904635 0.000000 0.000000 4.201138 4.836609
0.370000 13.435029 0.000000 9.806569 0.000000 0.000000 4.299695 4.970960
0.380000 13.435029 0.000000 9.708503 0.000000 0.000000 4.397270 5.105310
0.390000 13.435029 0.000000 9.610436 0.000000 0.000000 4.493865 5.239660
0.400000 13.435029 0.000000 9.512370 0.000000 0.000000 4.589478 5.374010
0.410000 13.435029 0.000000 9.414304 0.000000 0.000000 4.684112 5.508360
0.420000 13.435029 0.000000 9.316237 0.000000 0.000000 4.777764 5.642710
0.430000 13.435029 0.000000 9.218170 0.000000 0.000000 4.870436 5.777061
0.440000 13.435029 0.000000 9.120104 0.000000 0.000000 4.962128 5.911411
0.450000 13.435029 0.000000 9.022038 0.000000 0.000000 5.052838 6.045761
0.460000 13.435029 0.000000 8.923971 0.000000 0.000000 5.142568 6.180111
0.470000 13.435029 0.000000 8.825905 0.000000 0.000000 5.231318 6.314461
0.480000 13.435029 0.000000 8.727839 0.000000 0.000000 5.319087 6.448812
0.490000 13.435029 0.000000 8.629772 0.000000 0.000000 5.405874 6.583161
0.500000 13.435029 0.000000 8.531706 0.000000 0.000000 5.491682 6.717512
0.510000 13.435029 0.000000 8.433640 0.000000 0.000000 5.576509 6.851862
0.520000 13.435029 0.000000 8.335573 0.000000 0.000000 5.660354 6.986212
0.530000 13.435029 0.000000 8.237507 0.000000 0.000000 5.743220 7.120563
0.540000 13.435029 0.000000 8.139441 0.000000 0.000000 5.825104 7.254913
0.550000 13.435029 0.000000 8.041374 0.000000 0.000000 5.906009 7.389263
0.560000 13.435029 0.000000 7.943307 0.000000 0.000000 5.985931 7.523613
0.570000 13.435029 0.000000 7.845241 0.000000 0.000000 6.064874 7.657963
0.580000 13.435029 0.000000 7.747174 0.000000 0.000000 6.142837 7.792314
0.590000 13.435029 0.000000 7.649108 0.000000 0.000000 6.219818 7.926663
0.600000 13.435029 0.000000 7.551042 0.000000 0.000000 6.295819 8.061014
0.610000 13.435029 0.000000 7.452975 0.000000 0.000000 6.370839 8.195364
0.620000 13.435029 0.000000 7.354909 0.000000 0.000000 6.444878 8.329714
0.630000 13.435029 0.000000 7.256843 0.000000 0.000000 6.517937 8.464065
0.640000 13.435029 0.000000 7.158776 0.000000 0.000000 6.590014 8.598414
0.650000 13.435029 0.000000 7.060709 0.000000 0.000000 6.661111 8.732764
0.660000 13.435029 0.000000 6.962643 0.000000 0.000000 6.731229 8.867115
0.670000 13.435029 0.000000 6.864577 0.000000 0.000000 6.800364 9.001465
0.680000 13.435029 0.000000 6.766510 0.000000 0.000000 6.868519 9.135815
0.690000 13.435029 0.000000 6.668444 0.000000 0.000000 6.935695 9.270165
0.700000 13.435029 0.000000 6.570377 0.000000 0.000000 7.001889 9.404515
0.710000 13.435029 0.000000 6.472311 0.000000 0.000000 7.067101 9.538865
0.720000 13.435029 0.000000 6.374245 0.000000 0.000000 7.131335 9.673216
0.730000 13.435029 0.000000 6.276178 0.000000 0.000000 7.194587 9.807566
0.740000 13.435029 0.000000 6.178112 0.000000 0.000000 7.256859 9.941916
0.750000 13.435029 0.000000 6.080046 0.000000 0.000000 7.318149 10.076266
0.760000 13.435029 0.000000 5.981979 0.000000 0.000000 7.378458 10.210616
0.770000 13.435029 0.000000 5.883913 0.000000 0.000000 7.437789 10.344967
0.780000 13.435029 0.000000 5.785846 0.000000 0.000000 7.496137 10.479317
0.790000 13.435029 0.000000 5.687780 0.000000 0.000000 7.553505 10.613667
0.800000 13.435029 0.000000 5.589714 0.000000 0.000000 7.609893 10.748017
0.810000 13.435029 0.000000 5.491647 0.000000 0.000000 7.665299 10.882367
0.820000 13.435029 0.000000 5.393580 0.000000 0.000000 7.719725 11.016717
0.830000 13.435029 0.000000 5.295514 0.000000 0.000000 7.773171 11.151068
0.839999 13.435029 0.000000 5.197448 0.000000 0.000000 7.825635 11.285418
0.849999 13.435029 0.000000 5.099381 0.000000 0.000000 7.877119 11.419767
0.859999 13.435029 0.000000 5.001315 0.000000 0.000000 7.927623 11.554118
0.869999 13.435029 0.000000 4.903249 0.000000 0.000000 7.977146 11.688468
0.879999 13.435029 0.000000 4.805182 0.000000 0.000000 8.025687 11.822818
0.889999 13.435029 0.000000 4.707116 0.000000 0.000000 8.073250 11.957169
0.899999 13.435029 0.000000 4.609050 0.000000 0.000000 8.119830 12.091518
0.909999 13.435029 0.000000 4.510983 0.000000 0.000000 8.165431 12.225869
0.919999 13.435029 0.000000 4.412916 0.000000 0.000000 8.210050 12.360219
0.929999 13.435029 0.000000 4.314850 0.000000 0.000000 8.253688 12.494569
0.939999 13.435029 0.000000 4.216784 0.000000 0.000000 8.296347 12.628920
0.949999 13.435029 0.000000 4.118717 0.000000 0.000000 8.338024 12.763269
0.959999 13.435029 0.000000 4.020651 0.000000 0.000000 8.378720 12.897619
0.969999 13.435029 0.000000 3.922585 0.000000 0.000000 8.418437 13.031970
0.979999 13.435029 0.000000 3.824518 0.000000 0.000000 8.457172 13.166320
0.989999 13.435029 0.000000 3.726452 0.000000 0.000000 8.494927 13.300670
0.999999 13.435029 0.000000 3.628386 0.000000 0.000000 8.531702 13.435020
1.009999 13.435029 0.000000 3.530318 0.000000 0.000000 8.567495 13.569371
1.019999 13.435029 0.000000 3.432252 0.000000 0.000000 8.602307 13.703721
1.029999 13.435029 0.000000 3.334186 0.000000 0.000000 8.636141 13.838072
1.039999 13.435029 0.000000 3.236119 0.000000 0.000000 8.668992 13.972422
1.049999 13.435029 0.000000 3.138053 0.000000 0.000000 8.700862 14.106771
1.059999 13.435029 0.000000 3.039987 0.000000 0.000000 8.731753 14.241122
1.069999 13.435029 0.000000 2.941920 0.000000 0.000000 8.761662 14.375472
1.079999 13.435029 0.000000 2.843853 0.000000 0.000000 8.790590 14.509822
1.089999 13.435029 0.000000 2.745787 0.000000 0.000000 8.818540 14.644173
1.099999 13.435029 0.000000 2.647720 0.000000 0.000000 8.845507 14.778522
1.109999 13.435029 0.000000 2.549654 0.000000 0.000000 8.871494 14.912873
1.119999 13.435029 0.000000 2.451588 0.000000 0.000000 8.896500 15.047223
1.129999 13.435029 0.000000 2.353521 0.000000 0.000000 8.920526 15.181573
1.139999 13.435029 0.000000 2.255455 0.000000 0.000000 8.943570 15.315924
1.149999 13.435029 0.000000 2.157389 0.000000 0.000000 8.965634 15.450274
1.159999 13.435029 0.000000 2.059322 0.000000 0.000000 8.986717 15.584623
1.169999 13.435029 0.000000 1.961256 0.000000 0.000000 9.006821 15.718974
1.179999 13.435029 0.000000 1.863190 0.000000 0.000000 9.025943 15.853324
1.189999 13.435029 0.000000 1.765123 0.000000 0.000000 9.044085 15.987674
1.199999 13.435029 0.000000 1.667056 0.000000 0.000000 9.061246 16.122025
1.209999 13.435029 0.000000 1.568990 0.000000 0.000000 9.077426 16.256374
1.219999 13.435029 0.000000 1.470923 0.000000 0.000000 9.092625 16.390724
1.229999 13.435029 0.000000 1.372857 0.000000 0.000000 9.106843 16.525074
1.239999 13.435029 0.000000 1.274791 0.000000 0.000000 9.120083 16.659426
1.249999 13.435029 0.000000 1.176724 0.000000 0.000000 9.132340 16.793776
1.259999 13.435029 0.000000 1.078658 0.000000 0.000000 9.143617 16.928125
1.269999 13.435029 0.000000 0.980592 0.000000 0.000000 9.153913 17.062475
1.279999 13.435029 0.000000 0.882525 0.000000 0.000000 9.163228 17.196825
1.289999 13.435029 0.000000 0.784459 0.000000 0.000000 9.171562 17.331175
1.299999 13.435029 0.000000 0.686393 0.000000 0.000000 9.178919 17.465527
1.309999 13.435029 0.000000 0.588326 0.000000 0.000000 9.185291 17.599876
1.319999 13.435029 0.000000 0.490260 0.000000 0.000000 9.190684 17.734226
1.329999 13.435029 0.000000 0.392193 0.000000 0.000000 9.195096 17.868576
1.339999 13.435029 0.000000 0.294127 0.000000 0.000000 9.198527 18.002926
1.349999 13.435029 0.000000 0.196060 0.000000 0.000000 9.200980 18.137278
1.359999 13.435029 0.000000 0.097994 0.000000 0.000000 9.202450 18.271627
1.369999 13.435029 0.000000 -0.000072 0.000000 0.000000 9.202939 18.405977
1.379999 13.435029 0.000000 -0.098139 0.000000 0.000000 9.202448 18.540327
1.389999 13.435029 0.000000 -0.196205 0.000000 0.000000 9.200975 18.674677
1.399999 13.435029 0.000000 -0.294271 0.000000 0.000000 9.198523 18.809027
1.409999 13.435029 0.000000 -0.392338 0.000000 0.000000 9.195091 18.943378
1.419999 13.435029 0.000000 -0.490404 0.000000 0.000000 9.190678 19.077728
1.429999 13.435029 0.000000 -0.588470 0.000000 0.000000 9.185283 19.212078
1.439999 13.435029 0.000000 -0.686537 0.000000 0.000000 9.178907 19.346428
1.449999 13.435029 0.000000 -0.784604 0.000000 0.000000 9.171552 19.480778
1.459999 13.435029 0.000000 -0.882670 0.000000 0.000000 9.163215 19.615128
1.469999 13.435029 0.000000 -0.980737 0.000000 0.000000 9.153899 19.749479
1.479999 13.435029 0.000000 -1.078803 0.000000 0.000000 9.143601 19.883829
1.489999 13.435029 0.000000 -1.176869 0.000000 0.000000 9.132322 20.018179
1.499999 13.435029 0.000000 -1.274936 0.000000 0.000000 9.120063 20.152529
1.509999 13.435029 0.000000 -1.373002 0.000000 0.000000 9.106823 20.286879
1.519999 13.435029 0.000000 -1.471068 0.000000 0.000000 9.092605 20.421230
1.529999 13.435029 0.000000 -1.569135 0.000000 0.000000 9.077403 20.555580
1.539999 13.435029 0.000000 -1.667201 0.000000 0.000000 9.061221 20.689930
1.549999 13.435029 0.000000 -1.765267 0.000000 0.000000 9.044058 20.824280
1.559999 13.435029 0.000000 -1.863334 0.000000 0.000000 9.025915 20.958630
1.569999 13.435029 0.000000 -1.961401 0.000000 0.000000 9.006791 21.092979
1.579999 13.435029 0.000000 -2.059467 0.000000 0.000000 8.986689 21.227331
1.589999 13.435029 0.000000 -2.157534 0.000000 0.000000 8.965603 21.361681
1.599999 13.435029 0.000000 -2.255600 0.000000 0.000000 8.943537 21.496031
1.609999 13.435029 0.000000 -2.353666 0.000000 0.000000 8.920490 21.630381
1.619999 13.435029 0.000000 -2.451733 0.000000 0.000000 8.896463 21.764730
1.629999 13.435029 0.000000 -2.549799 0.000000 0.000000 8.871457 21.899082
1.639999 13.435029 0.000000 -2.647866 0.000000 0.000000 8.845469 22.033432
1.649999 13.435029 0.000000 -2.745933 0.000000 0.000000 8.818499 22.167782
1.659999 13.435029 0.000000 -2.843999 0.000000 0.000000 8.790549 22.302132
1.669999 13.435029 0.000000 -2.942065 0.000000 0.000000 8.761619 22.436481
1.679999 13.435029 0.000000 -3.040132 0.000000 0.000000 8.731707 22.570831
1.689999 13.435029 0.000000 -3.138198 0.000000 0.000000 8.700817 22.705183
1.699999 13.435029 0.000000 -3.236264 0.000000 0.000000 8.668944 22.839533
1.709999 13.435029 0.000000 -3.334331 0.000000 0.000000 8.636091 22.973883
1.719999 13.435029 0.000000 -3.432397 0.000000 0.000000 8.602257 23.108232
1.729999 13.435029 0.000000 -3.530463 0.000000 0.000000 8.567443 23.242582
1.739999 13.435029 0.000000 -3.628530 0.000000 0.000000 8.531648 23.376932
1.749999 13.435029 0.000000 -3.726596 0.000000 0.000000 8.494873 23.511284
1.759999 13.435029 0.000000 -3.824662 0.000000 0.000000 8.457117 23.645634
1.769999 13.435029 0.000000 -3.922729 0.000000 0.000000 8.418380 23.779984
1.779999 13.435029 0.000000 -4.020795 0.000000 0.000000 8.378661 23.914333
1.789999 13.435029 0.000000 -4.118861 0.000000 0.000000 8.337963 24.048683
1.799999 13.435029 0.000000 -4.216928 0.000000 0.000000 8.296286 24.183035
1.809999 13.435029 0.000000 -4.314994 0.000000 0.000000 8.253626 24.317385
1.819999 13.435029 0.000000 -4.413060 0.000000 0.000000 8.209985 24.451735
1.829999 13.435029 0.000000 -4.511127 0.000000 0.000000 8.165364 24.586084
1.839999 13.435029 0.000000 -4.609193 0.000000 0.000000 8.119762 24.720434
1.849999 13.435029 0.000000 -4.707259 0.000000 0.000000 8.073179 24.854784
1.859999 13.435029 0.000000 -4.805326 0.000000 0.000000 8.025619 24.989136
1.869999 13.435029 0.000000 -4.903392 0.000000 0.000000 7.977074 25.123486
1.879999 13.435029 0.000000 -5.001460 0.000000 0.000000 7.927550 25.257835
1.889999 13.435029 0.000000 -5.099526 0.000000 0.000000 7.877045 25.392185
1.899999 13.435029 0.000000 -5.197593 0.000000 0.000000 7.825559 25.526535
1.909999 13.435029 0.000000 -5.295659 0.000000 0.000000 7.773092 25.660885
1.919999 13.435029 0.000000 -5.393725 0.000000 0.000000 7.719647 25.795237
1.929999 13.435029 0.000000 -5.491792 0.000000 0.000000 7.665219 25.929586
1.939999 13.435029 0.000000 -5.589858 0.000000 0.000000 7.609810 26.063936
1.949998 13.435029 0.000000 -5.687924 0.000000 0.000000 7.553421 26.198286
1.959998 13.435029 0.000000 -5.785991 0.000000 0.000000 7.496051 26.332636
1.969998 13.435029 0.000000 -5.884057 0.000000 0.000000 7.437703 26.466988
1.979998 13.435029 0.000000 -5.982123 0.000000 0.000000 7.378372 26.601337
1.989998 13.435029 0.000000 -6.080190 0.000000 0.000000 7.318059 26.735687
1.999998 13.435029 0.000000 -6.178256 0.000000 0.000000 7.256767 26.870037
2.009999 13.435029 0.000000 -6.276324 0.000000 0.000000 7.194494 27.004389
2.019999 13.435029 0.000000 -6.374391 0.000000 0.000000 7.131240 27.138739
2.029999 13.435029 0.000000 -6.472457 0.000000 0.000000 7.067005 27.273088
2.039999 13.435029 0.000000 -6.570523 0.000000 0.000000 7.001792 27.407440
2.049999 13.435029 0.000000 -6.668590 0.000000 0.000000 6.935596 27.541790
2.059999 13.435029 0.000000 -6.766656 0.000000 0.000000 6.868420 27.676140
2.069999 13.435029 0.000000 -6.864722 0.000000 0.000000 6.800262 27.810490
2.079998 13.435029 0.000000 -6.962789 0.000000 0.000000 6.731124 27.944839
2.089998 13.435029 0.000000 -7.060855 0.000000 0.000000 6.661008 28.079191
2.099998 13.435029 0.000000 -7.158921 0.000000 0.000000 6.589909 28.213541
2.109998 13.435029 0.000000 -7.256988 0.000000 0.000000 6.517829 28.347891
2.119998 13.435029 0.000000 -7.355054 0.000000 0.000000 6.444768 28.482241
2.129998 13.435029 0.000000 -7.453120 0.000000 0.000000 6.370728 28.616590
2.139998 13.435029 0.000000 -7.551187 0.000000 0.000000 6.295706 28.750940
2.149998 13.435029 0.000000 -7.649253 0.000000 0.000000 6.219705 28.885292
2.159998 13.435029 0.000000 -7.747319 0.000000 0.000000 6.142722 29.019642
2.169998 13.435029 0.000000 -7.845386 0.000000 0.000000 6.064758 29.153992
2.179998 13.435029 0.000000 -7.943452 0.000000 0.000000 5.985814 29.288342
2.189998 13.435029 0.000000 -8.041518 0.000000 0.000000 5.905889 29.422691
2.199998 13.435029 0.000000 -8.139585 0.000000 0.000000 5.824983 29.557041
2.209998 13.435029 0.000000 -8.237653 0.000000 0.000000 5.743098 29.691393
2.219998 13.435029 0.000000 -8.335719 0.000000 0.000000 5.660231 29.825743
2.229998 13.435029 0.000000 -8.433785 0.000000 0.000000 5.576383 29.960093
2.239998 13.435029 0.000000 -8.531852 0.000000 0.000000 5.491555 30.094442
2.249998 13.435029 0.000000 -8.629918 0.000000 0.000000 5.405746 30.228792
2.259998 13.435029 0.000000 -8.727984 0.000000 0.000000 5.318958 30.363144
2.269998 13.435029 0.000000 -8.826051 0.000000 0.000000 5.231187 30.497494
2.279998 13.435029 0.000000 -8.924117 0.000000 0.000000 5.142437 30.631844
2.289998 13.435029 0.000000 -9.022183 0.000000 0.000000 5.052705 30.766193
2.299998 13.435029 0.000000 -9.120250 0.000000 0.000000 4.961992 30.900543
2.309998 13.435029 0.000000 -9.218316 0.000000 0.000000 4.870299 31.034893
2.319998 13.435029 0.000000 -9.316382 0.000000 0.000000 4.777627 31.169245
2.329998 13.435029 0.000000 -9.414449 0.000000 0.000000 4.683973 31.303595
2.339998 13.435029 0.000000 -9.512515 0.000000 0.000000 4.589338 31.437944
2.349998 13.435029 0.000000 -9.610581 0.000000 0.000000 4.493722 31.572294
2.359998 13.435029 0.000000 -9.708648 0.000000 0.000000 4.397126 31.706644
2.369998 13.435029 0.000000 -9.806714 0.000000 0.000000 4.299551 31.840996
2.379998 13.435029 0.000000 -9.904780 0.000000 0.000000 4.200993 31.975346
2.389998 13.435029 0.000000 -10.002847 0.000000 0.000000 4.101454 32.109695
2.399998 13.435029 0.000000 -10.100913 0.000000 0.000000 4.000936 32.244045
2.409998 13.435029 0.000000 -10.198979 0.000000 0.000000 3.899436 32.378395
2.419998 13.435029 0.000000 -10.297046 0.000000 0.000000 3.796955 32.512745
2.429998 13.435029 0.000000 -10.395112 0.000000 0.000000 3.693494 32.647095
2.439998 13.435029 0.000000 -10.493178 0.000000 0.000000 3.589053 32.781445
2.449998 13.435029 0.000000 -10.591245 0.000000 0.000000 3.483630 32.915794
2.459998 13.435029 0.000000 -10.689313 0.000000 0.000000 3.377231 33.050148
2.469998 13.435029 0.000000 -10.787379 0.000000 0.000000 3.269847 33.184498
2.479998 13.435029 0.000000 -10.885446 0.000000 0.000000 3.161483 33.318848
2.489998 13.435029 0.000000 -10.983512 0.000000 0.000000 3.052138 33.453197
2.499998 13.435029 0.000000 -11.081578 0.000000 0.000000 2.941812 33.587547
2.509998 13.435029 0.000000 -11.179645 0.000000 0.000000 2.830506 33.721897
2.519998 13.435029 0.000000 -11.277711 0.000000 0.000000 2.718219 33.856247
2.529998 13.435029 0.000000 -11.375777 0.000000 0.000000 2.604951 33.990597
2.539998 13.435029 0.000000 -11.473844 0.000000 0.000000 2.490703 34.124947
2.549998 13.435029 0.000000 -11.571910 0.000000 0.000000 2.375474 34.259296
2.559998 13.435029 0.000000 -11.669976 0.000000 0.000000 2.259264 34.393646
2.569998 13.435029 0.000000 -11.768043 0.000000 0.000000 2.142078 34.528000
2.579998 13.435029 0.000000 -11.866109 0.000000 0.000000 2.023907 34.662350
2.589998 13.435029 0.000000 -11.964175 0.000000 0.000000 1.904755 34.796700
2.599998 13.435029 0.000000 -12.062242 0.000000 0.000000 1.784623 34.931049
2.609998 13.435029 0.000000 -12.160308 0.000000 0.000000 1.663510 35.065399
2.619998 13.435029 0.000000 -12.258374 0.000000 0.000000 1.541416 35.199749
2.629998 13.435029 0.000000 -12.356441 0.000000 0.000000 1.418342 35.334099
2.639998 13.435029 0.000000 -12.454507 0.000000 0.000000 1.294287 35.468449
2.649998 13.435029 0.000000 -12.552573 0.000000 0.000000 1.169251 35.602798
2.659998 13.435029 0.000000 -12.650640 0.000000 0.000000 1.043235 35.737148
2.669998 13.435029 0.000000 -12.748706 0.000000 0.000000 0.916238 35.871498
2.679998 13.435029 0.000000 -12.846772 0.000000 0.000000 0.788264 36.005852
2.689998 13.435029 0.000000 -12.944839 0.000000 0.000000 0.659306 36.140202
2.699998 13.435029 0.000000 -13.042907 0.000000 0.000000 0.529367 36.274551
2.709998 13.435029 0.000000 -13.140973 0.000000 0.000000 0.398448 36.408901
2.719998 13.435029 0.000000 -13.239039 0.000000 0.000000 0.266547 36.543251
2.729998 13.435029 0.000000 -13.337106 0.000000 0.000000 0.133666 36.677601
2.739998 13.435029 0.000000 -13.435172 0.000000 0.000000 -0.000195 36.811951
2.739998 13.435029 0.000000 -13.435172 0.000000 0.000000 -0.000195 36.811951
2.739998 13.435029 0.000000 -13.435172 0.000000 0.000000 -0.000195 36.811951
2.739998 13.435029 0.000000 -13.435172 0.000000 0.000000 -0.000195 36.811951
2.739998 13.435029 0.000000 -13.435172 0.000000 0.000000 -0.000195 36.811951
2.739998 13.435029 0.000000 -13.435172 0.000000 0.000000 -0.000195 36.811951
2.739998 13.435029 0.000000 -13.435172 0.000000 0.000000 -0.000195 36.811951
2.739998 13.435029 0.000000 -13.435172 0.000000 0.000000 -0.000195 36.811951
2.739998 13.435029 0.000000 -13.435172 0.000000 0.000000 -0.000195 36.811951
2.739998 13.435029 0.000000 -13.435172 0.000000 0.000000 -0.000195 36.811951
2.739998 13.435029 0.000000 -13.435172 0.000000 0.000000 -0.000195 36.811951
2.739998 13.435029 0.000000 -13.435172 0.000000 0.000000 -0.000195 36.811951
2.739998 13.435029 0.000000 -13.435172 0.000000 0.000000 -0.000195 36.811951
2.739998 13.435029 0.000000 -13.435172 0.000000 0.000000 -0.000195 36.811951
2.739998 13.435029 0.000000 -13.435172 0.000000 0.000000 -0.000195 36.811951
2.739998 13.435029 0.000000 -13.435172 0.000000 0.000000 -0.000195 36.811951
2.739998 13.435029 0.000000 -13.435172 0.000000 0.000000 -0.000195 36.811951
2.739998 13.435029 0.000000 -13.435172 0.000000 0.000000 -0.000195 36.811951
2.739998 13.435029 0.000000 -13.435172 0.000000 0.000000 -0.000195 36.811951
2.739998 13.435029 0.000000 -13.435172 0.000000 0.000000 -0.000195 36.811951
2.739998 13.435029 0.000000 -13.435172 0.000000 0.000000 -0.000195 36.811951
2.739998 13.435029 0.000000 -13.435172 0.000000 0.000000 -0.000195 36.811951
2.739998 13.435029 0.000000 -13.435172 0.000000 0.000000 -0.000195 36.811951
2.739998 13.435029 0.000000 -13.435172 0.000000 0.000000 -0.000195 36.811951
2.739998 13.435029 0.000000 -13.435172 0.000000 0.000000 -0.000195 36.811951
2.739998 13.435029 0.000000 -13.435172 0.000000 0.000000 -0.000195 36.811951
2.739998 13.435029 0.000000 -13.435172 0.000000 0.000000 -0.000195 36.811951
2.739998 13.435029 0.000000 -13.435172 0.000000 0.000000 -0.000195 36.811951
2.739998 13.435029 0.000000 -13.435172 0.000000 0.000000 -0.000195 36.811951
2.739998 13.435029 0.000000 -13.435172 0.000000 0.000000 -0.000195 36.811951
2.739998 13.435029 0.000000 -13.435172 0.000000 0.000000 -0.000195 36.811951
2.739998 13.435029 0.000000 -13.435172 0.000000 0.000000 -0.000195 36.811951
2.739998 13.435029 0.000000 -13.435172 0.000000 0.000000 -0.000195 36.811951
2.739998 13.435029 0.000000 -13.435172 0.000000 0.000000 -0.000195 36.811951
2.739998 13.435029 0.000000 -13.435172 0.000000 0.000000 -0.000195 36.811951
2.739998 13.435029 0.000000 -13.435172 0.000000 0.000000 -0.000195 36.811951
2.739998 13.435029 0.000000 -13.435172 0.000000 0.000000 -0.000195 36.811951
2.739998 13.435029 0.000000 -13.435172 0.000000 0.000000 -0.000195 36.811951
2.739998 13.435029 0.000000 -13.435172 0.000000 0.000000 -0.000195 36.811951
2.739998 13.435029 0.000000 -13.435172 0.000000 0.000000 -0.000195 36.811951
2.739998 13.435029 0.000000 -13.435172 0.000000 0.000000 -0.000195 36.811951
2.739998 13.435029 0.000000 -13.435172 0.000000 0.000000 -0.000195 36.811951
2.739998 13.435029 0.000000 -13.435172 0.000000 0.000000 -0.000195 36.811951
2.739998 13.435029 0.000000 -13.435172 0.000000 0.000000 -0.000195 36.811951
2.739998 13.435029 0.000000 -13.435172 0.000000 0.000000 -0.000195 36.811951
2.739998 13.435029 0.000000 -13.435172 0.000000 0.000000 -0.000195 36.811951
2.739998 13.435029 0.000000 -13.435172 0.000000 0.000000 -0.000195 36.811951
2.739998 13.435029 0.000000 -13.435172 0.000000 0.000000 -0.000195 36.811951
2.739998 13.435029 0.000000 -13.435172 0.000000 0.000000 -0.000195 36.811951
2.739998 13.435029 0.000000 -13.435172 0.000000 0.000000 -0.000195 36.811951
2.739998 13.435029 0.000000 -13.435172 0.000000 0.000000 -0.000195 36.811951
2.739998 13.435029 0.000000 -13.435172 0.000000 0.000000 -0.000195 36.811951
2.739998 13.435029 0.000000 -13.435172 0.000000 0.000000 -0.000195 36.811951
2.739998 13.435029 0.000000 -13.435172 0.000000 0.000000 -0.000195 36.811951
2.739998 13.435029 0.000000 -13.435172 0.000000 0.000000 -0.000195 36.811951
2.739998 13.435029 0.000000 -13.435172 0.000000 0.000000 -0.000195 36.811951
2.739998 13.435029 0.000000 -13.435172 0.000000 0.000000 -0.000195 36.811951
2.739998 13.435029 0.000000 -13.435172 0.000000 0.000000 -0.000195 36.811951
2.739998 13.435029 0.000000 -13.435172 0.000000 0.000000 -0.000195 36.811951
2.739998 13.435029 0.000000 -13.435172 0.000000 0.000000 -0.000195 36.811951
2.739998 13.435029 0.000000 -13.435172 0.000000 0.000000 -0.000195 36.811951
2.739998 13.435029 0.000000 -13.435172 0.000000 0.000000 -0.000195 36.811951
2.739998 13.435029 0.000000 -13.435172 0.000000 0.000000 -0.000195 36.811951
2.739998 13.435029 0.000000 -13.435172 0.000000 0.000000 -0.000195 36.811951
2.739998 13.435029 0.000000 -13.435172 0.000000 0.000000 -0.000195 36.811951
2.739998 13.435029 0.000000 -13.435172 0.000000 0.000000 -0.000195 36.811951
2.739998 13.435029 0.000000 -13.435172 0.000000 0.000000 -0.000195 36.811951
2.739998 13.435029 0.000000 -13.435172 0.000000 0.000000 -0.000195 36.811951
2.739998 13.435029 0.000000 -13.435172 0.000000 0.000000 -0.000195 36.811951
2.739998 13.435029 0.000000 -13.435172 0.000000 0.000000 -0.000195 36.811951
2.739998 13.435029 0.000000 -13.435172 0.000000 0.000000 -0.000195 36.811951
2.739998 13.435029 0.000000 -13.435172 0.000000 0.000000 -0.000195 36.811951
2.739998 13.435029 0.000000 -13.435172 0.000000 0.000000 -0.000195 36.811951
2.739998 13.435029 0.000000 -13.435172 0.000000 0.000000 -0.000195 36.811951
2.739998 13.435029 0.000000 -13.435172 0.000000 0.000000 -0.000195 36.811951
2.739998 13.435029 0.000000 -13.435172 0.000000 0.000000 -0.000195 36.811951
2.739998 13.435029 0.000000 -13.435172 0.000000 0.000000 -0.000195 36.811951
2.739998 13.435029 0.000000 -13.435172 0.000000 0.000000 -0.000195 36.811951
2.739998 13.435029 0.000000 -13.435172 0.000000 0.000000 -0.000195 36.811951
2.739998 13.435029 0.000000 -13.435172 0.000000 0.000000 -0.000195 36.811951
2.739998 13.435029 0.000000 -13.435172 0.000000 0.000000 -0.000195 36.811951
2.739998 13.435029 0.000000 -13.435172 0.000000 0.000000 -0.000195 36.811951
2.739998 13.435029 0.000000 -13.435172 0.000000 0.000000 -0.000195 36.811951
2.739998 13.435029 0.000000 -13.435172 0.000000 0.000000 -0.000195 36.811951
2.739998 13.435029 0.000000 -13.435172 0.000000 0.000000 -0.000195 36.811951
2.739998 13.435029 0.000000 -13.435172 0.000000 0.000000 -0.000195 36.811951
2.739998 13.435029 0.000000 -13.435172 0.000000 0.000000 -0.000195 36.811951
2.739998 13.435029 0.000000 -13.435172 0.000000 0.000000 -0.000195 36.811951
2.739998 13.435029 0.000000 -13.435172 0.000000 0.000000 -0.000195 36.811951
2.739998 13.435029 0.000000 -13.435172 0.000000 0.000000 -0.000195 36.811951
2.739998 13.435029 0.000000 -13.435172 0.000000 0.000000 -0.000195 36.811951
2.739998 13.435029 0.000000 -13.435172 0.000000 0.000000 -0.000195 36.811951
2.739998 13.435029 0.000000 -13.435172 0.000000 0.000000 -0.000195 36.811951
2.739998 13.435029 0.000000 -13.435172 0.000000 0.000000 -0.000195 36.811951
2.739998 13.435029 0.000000 -13.435172 0.000000 0.000000 -0.000195 36.811951
2.739998 13.435029 0.000000 -13.435172 0.000000 0.000000 -0.000195 36.811951
2.739998 13.435029 0.000000 -13.435172 0.000000 0.000000 -0.000195 36.811951
2.739998 13.435029 0.000000 -13.435172 0.000000 0.000000 -0.000195 36.811951
2.739998 13.435029 0.000000 -13.435172 0.000000 0.000000 -0.000195 36.811951
2.739998 13.435029 0.000000 -13.435172 0.000000 0.000000 -0.000195 36.811951
2.739998 13.435029 0.000000 -13.435172 0.000000 0.000000 -0.000195 36.811951
2.739998 13.435029 0.000000 -13.435172 0.000000 0.000000 -0.000195 36.811951
2.739998 13.435029 0.000000 -13.435172 0.000000 0.000000 -0.000195 36.811951
2.739998 13.435029 0.000000 -13.435172 0.000000 0.000000 -0.000195 36.811951
2.739998 13.435029 0.000000 -13.435172 0.000000 0.000000 -0.000195 36.811951
2.739998 13.435029 0.000000 -13.435172 0.000000 0.000000 -0.000195 36.811951
2.739998 13.435029 0.000000 -13.435172 0.000000 0.000000 -0.000195 36.811951
2.739998 13.435029 0.000000 -13.435172 0.000000 0.000000 -0.000195 36.811951
2.739998 13.435029 0.000000 -13.435172 0.000000 0.000000 -0.000195 36.811951
2.739998 13.435029 0.000000 -13.435172 0.000000 0.000000 -0.000195 36.811951
2.739998 13.435029 0.000000 -13.435172 0.000000 0.000000 -0.000195 36.811951
2.739998 13.435029 0.000000 -13.435172 0.000000 0.000000 -0.000195 36.811951
2.739998 13.435029 0.000000 -13.435172 0.000000 0.000000 -0.000195 36.811951
2.739998 13.435029 0.000000 -13.435172 0.000000 0.000000 -0.000195 36.811951
2.739998 13.435029 0.000000 -13.435172 0.000000 0.000000 -0.000195 36.811951
2.739998 13.435029 0.000000 -13.435172 0.000000 0.000000 -0.000195 36.811951
2.739998 13.435029 0.000000 -13.435172 0.000000 0.000000 -0.000195 36.811951
2.739998 13.435029 0.000000 -13.435172 0.000000 0.000000 -0.000195 36.811951
2.739998 13.435029 0.000000 -13.435172 0.000000 0.000000 -0.000195 36.811951
2.739998 13.435029 0.000000 -13.435172 0.000000 0.000000 -0.000195 36.811951
2.739998 13.435029 0.000000 -13.435172 0.000000 0.000000 -0.000195 36.811951
2.739998 13.435029 0.000000 -13.435172 0.000000 0.000000 -0.000195 36.811951
2.739998 13.435029 0.000000 -13.435172 0.000000 0.000000 -0.000195 36.811951
2.739998 13.435029 0.000000 -13.435172 0.000000 0.000000 -0.000195 36.811951
2.739998 13.435029 0.000000 -13.435172 0.000000 0.000000 -0.000195 36.811951
2.739998 13.435029 0.000000 -13.435172 0.000000 0.000000 -0.000195 36.811951
2.739998 13.435029 0.000000 -13.435172 0.000000 0.000000 -0.000195 36.811951
2.739998 13.435029 0.000000 -13.435172 0.000000 0.000000 -0.000195 36.811951
2.739998 13.435029 0.000000 -13.435172 0.000000 0.000000 -0.000195 36.811951
2.739998 13.435029 0.000000 -13.435172 0.000000 0.000000 -0.000195 36.811951
2.739998 13.435029 0.000000 -13.435172 0.000000 0.000000 -0.000195 36.811951
2.739998 13.435029 0.000000 -13.435172 0.000000 0.000000 -0.000195 36.811951
2.739998 13.435029 0.000000 -13.435172 0.000000 0.000000 -0.000195 36.811951
2.739998 13.435029 0.000000 -13.435172 0.000000 0.000000 -0.000195 36.811951
2.739998 13.435029 0.000000 -13.435172 0.000000 0.000000 -0.000195 36.811951
2.739998 13.435029 0.000000 -13.435172 0.000000 0.000000 -0.000195 36.811951
2.739998 13.435029 0.000000 -13.435172 0.000000 0.000000 -0.000195 36.811951
2.739998 13.435029 0.000000 -13.435172 0.000000 0.000000 -0.000195 36.811951
2.739998 13.435029 0.000000 -13.435172 0.000000 0.000000 -0.000195 36.811951
2.739998 13.435029 0.000000 -13.435172 0.000000 0.000000 -0.000195 36.811951
2.739998 13.435029 0.000000 -13.435172 0.000000 0.000000 -0.000195 36.811951
2.739998 13.435029 0.000000 -13.435172 0.000000 0.000000 -0.000195 36.811951
2.739998 13.435029 0.000000 -13.435172 0.000000 0.000000 -0.000195 36.811951
2.739998 13.435029 0.000000 -13.435172 0.000000 0.000000 -0.000195 36.811951
2.739998 13.435029 0.000000 -13.435172 0.000000 0.000000 -0.000195 36.811951
2.739998 13.435029 0.000000 -13.435172 0.000000 0.000000 -0.000195 36.811951
2.739998 13.435029 0.000000 -13.435172 0.000000 0.000000 -0.000195 36.811951
2.739998 13.435029 0.000000 -13.435172 0.000000 0.000000 -0.000195 36.811951
